f32: 3.500000
f64: 2.250000
